2019-02-24 10:05:08,930 - My Logger - DEBUG - Start motifs_node_3
9,2,0,1
9,2,0,1
11,2,0,3
11,2,0,3
1,2,0,4
1,2,0,4
10,2,0,5
10,2,0,5
10,2,0,6
10,2,0,6
8,2,0,7
8,2,0,7
11,2,1,3
11,2,1,3
6,2,1,4
6,2,1,4
11,2,1,6
11,2,1,6
11,2,1,7
11,2,1,7
5,2,1,9
5,2,1,9
6,2,3,4
6,2,3,4
12,2,3,5
12,2,3,5
11,2,3,6
11,2,3,6
5,2,3,7
5,2,3,7
10,2,3,8
10,2,3,8
9,2,3,9
9,2,3,9
6,2,5,4
6,2,5,4
12,2,5,6
12,2,5,6
5,2,5,7
5,2,5,7
11,2,5,8
11,2,5,8
7,2,6,4
7,2,6,4
5,2,6,7
5,2,6,7
10,2,6,8
10,2,6,8
5,2,6,9
5,2,6,9
8,2,7,8
8,2,7,8
4,2,7,9
4,2,7,9
0,2,8,4
0,2,8,4
3,2,9,4
3,2,9,4
3,2,0,8
3,2,0,8
1,2,0,9
1,2,0,9
7,2,1,5
7,2,1,5
6,2,1,8
6,2,1,8
2,2,5,9
2,2,5,9
1,2,8,9
1,2,8,9
9,3,0,1
9,3,0,1
10,3,0,4
10,3,0,4
11,3,0,5
11,3,0,5
5,3,0,6
5,3,0,6
9,3,0,7
9,3,0,7
4,3,1,4
4,3,1,4
4,3,1,6
4,3,1,6
10,3,1,7
10,3,1,7
8,3,1,9
8,3,1,9
10,3,4,5
10,3,4,5
9,3,4,6
9,3,4,6
4,3,4,8
4,3,4,8
4,3,4,9
4,3,4,9
11,3,5,6
11,3,5,6
5,3,5,7
5,3,5,7
11,3,5,8
11,3,5,8
4,3,6,7
4,3,6,7
4,3,6,8
4,3,6,8
8,3,6,9
8,3,6,9
8,3,7,8
8,3,7,8
4,3,7,9
4,3,7,9
6,3,0,8
6,3,0,8
6,3,0,9
6,3,0,9
2,3,1,5
2,3,1,5
1,3,1,8
1,3,1,8
1,3,4,7
1,3,4,7
6,3,5,9
6,3,5,9
3,3,8,9
3,3,8,9
4,6,0,1
4,6,0,1
9,6,0,4
9,6,0,4
10,6,0,5
10,6,0,5
8,6,0,7
8,6,0,7
9,6,1,4
9,6,1,4
9,6,1,7
9,6,1,7
4,6,1,9
4,6,1,9
11,6,4,5
11,6,4,5
10,6,4,8
10,6,4,8
5,6,4,9
5,6,4,9
5,6,5,7
5,6,5,7
11,6,5,8
11,6,5,8
8,6,7,8
8,6,7,8
4,6,7,9
4,6,7,9
3,6,0,8
3,6,0,8
1,6,0,9
1,6,0,9
6,6,1,5
6,6,1,5
3,6,1,8
3,6,1,8
2,6,4,7
2,6,4,7
2,6,5,9
2,6,5,9
1,6,8,9
1,6,8,9
1,5,0,1
1,5,0,1
4,5,0,4
4,5,0,4
8,5,0,7
8,5,0,7
9,5,8,4
9,5,8,4
9,5,8,7
9,5,8,7
0,5,4,1
0,5,4,1
0,5,4,9
0,5,4,9
6,5,7,1
6,5,7,1
3,5,7,9
3,5,7,9
6,5,0,8
6,5,0,8
1,5,4,7
1,5,4,7
4,1,0,4
4,1,0,4
5,1,0,7
5,1,0,7
4,1,9,4
4,1,9,4
9,1,9,7
9,1,9,7
1,1,4,8
1,1,4,8
2,1,7,8
2,1,7,8
0,1,0,9
0,1,0,9
6,1,4,7
6,1,4,7
3,7,0,4
3,7,0,4
1,7,9,4
1,7,9,4
1,7,8,4
1,7,8,4
1,7,0,9
1,7,0,9
0,7,0,8
0,7,0,8
1,7,9,8
1,7,9,8
1,0,4,8
1,0,4,8
0,0,4,9
0,0,4,9
1,4,8,9
1,4,8,9
2019-02-24 10:05:08,938 - My Logger - DEBUG - Finish motifs_node_3 at 0:00:00.007791
Done
Num of motifs: 13
9,2,0,1
9,3,0,1
4,4,0,1
11,2,0,3
1,2,0,4
10,3,0,4
1,1,0,5
10,2,0,5
11,3,0,5
4,4,0,5
10,2,0,6
5,3,0,6
9,4,0,6
4,1,0,6
10,5,0,6
3,4,0,7
8,2,0,7
9,3,0,7
5,1,0,7
8,5,0,7
8,6,0,7
11,2,1,3
6,2,1,4
4,3,1,4
11,2,1,6
4,3,1,6
9,4,1,6
11,2,1,7
10,3,1,7
6,4,1,7
5,2,1,9
8,3,1,9
4,4,1,9
6,2,3,4
12,2,3,5
11,2,3,6
5,2,3,7
10,2,3,8
9,2,3,9
10,3,4,5
12,2,5,6
9,3,4,6
11,4,5,6
5,2,5,7
4,3,4,8
1,4,5,7
11,2,5,8
4,3,4,9
9,4,5,8
11,3,5,6
5,3,5,7
5,2,6,7
11,3,5,8
2,4,6,7
9,1,6,7
5,5,6,7
3,1,6,8
10,2,6,8
10,4,6,8
11,5,6,8
2,5,6,9
5,2,6,9
5,4,6,9
4,1,6,9
0,8,7,0
8,2,7,8
4,3,6,7
2,1,7,8
9,5,7,8
1,8,7,9
4,2,7,9
4,3,6,8
9,1,7,9
3,5,7,9
8,3,6,9
8,3,7,8
8,6,7,8
1,0,7,9
4,3,7,9
4,6,7,9
1,4,0,8
3,2,0,8
6,5,0,8
0,4,0,9
0,1,0,9
6,3,0,8
3,6,0,8
1,2,0,9
6,3,0,9
1,6,0,9
7,2,1,5
0,4,1,5
2,3,1,5
1,4,1,8
6,2,1,8
1,3,1,8
1,3,4,7
0,4,5,9
2,2,5,9
6,3,5,9
1,4,8,9
1,2,8,9
3,3,8,9
1,6,8,9
[93m Note that the graph is processed as a directed graph[00m
[93m Note that the graph is processed as a directed graph[00m
diff avg: 1.263157894736842
number of elements: 130
number of different elements: 19
Which is 14.615384615384615% of the elements
0


1
	6:2

2


3


4
	1:2

5
	6:3

6


7
	1:2

8


9


[[0.5        2.         0.66666667 0.28571429 0.66666667 0.28571429
  0.28571429 0.66666667 0.28571429 2.         0.85714286 2.
  2.         0.4        0.66666667 0.66666667 0.13333333 0.13333333
  0.4       ]]
